0 0
1 1
2 2
3 3
4 0
5 0
6 3
7 2
8 3
9 0
10 3
11 1
12 4
13 4
14 1
15 3
16 2
17 2
18 3
19 3
20 2
21 4
22 1
23 4
24 3
25 1
26 4
27 0
28 0
29 3
30 3
31 4
32 2
33 3
34 4
35 2
36 2
37 0
38 1
39 2
40 3
41 4
42 2
43 1
44 3
45 4
46 1
47 1
48 4
49 0
50 0
51 0
52 2
53 1
54 3
55 3
56 2
57 3
58 2
59 4
60 2
61 0
62 3
63 1
64 1
65 3
66 4
67 3
68 4
69 4
70 3
71 3
72 3
73 1
74 4
75 5
76 5
77 3
78 3
79 3
80 3
81 0
82 1
83 3
84 0
85 5
86 1
87 2
88 2
89 5
90 1
91 2
92 4
93 0
94 1
95 2
96 4
97 4
98 3
99 4
100 1
101 1
102 0
103 1
104 3
105 3
106 0
107 5
108 3
109 4
110 1
111 0
112 3
113 2
114 4
115 0
116 2
117 0
118 2
119 2
120 4
121 4
122 4
123 3
124 2
125 3
126 3
127 1
128 3
129 1
130 2
131 3
132 0
133 2
134 1
135 1
136 3
137 1
138 4
139 3
140 4
141 2
142 1
143 4
144 1
145 3
146 0
147 1
148 3
149 1
150 0
151 4
152 4
153 3
154 5
155 4
156 2
157 1
158 5
159 2
160 0
161 3
162 3
163 1
164 2
165 2
166 2
167 1
168 1
169 0
170 0
171 4
172 4
173 0
174 3
175 0
176 3
177 5
178 3
179 1
180 2
181 4
182 3
183 0
184 2
185 0
186 2
187 4
188 1
189 5
190 2
191 1
192 5
193 2
194 1
195 1
196 4
197 1
198 0
199 0
200 4
201 3
202 5
203 4
204 3
205 1
206 3
207 3
208 2
209 1
210 5
211 3
212 1
213 1
214 0
215 1
216 3
217 4
218 3
219 5
220 2
221 0
222 3
223 0
224 2
225 1
226 5
227 1
228 3
229 0
230 3
231 0
232 1
233 3
234 0
235 0
236 2
237 1
238 3
239 0
240 0
241 4
242 3
243 1
244 1
245 0
246 4
247 3
248 4
249 4
250 5
251 0
252 3
253 3
254 3
255 2
256 2
257 4
258 4
259 1
260 0
261 4
262 3
263 2
264 1
265 1
266 1
267 1
268 3
269 4
270 2
271 1
272 4
273 5
274 3
275 0
276 2
277 1
278 0
279 3
280 3
281 5
282 3
283 4
284 2
285 3
286 0
287 5
288 2
289 2
290 4
291 1
292 3
293 4
294 5
295 3
296 2
297 5
298 2
299 2
300 1
301 2
302 2
303 1
304 0
305 1
306 1
307 3
308 4
309 3
310 4
311 4
312 1
313 0
314 3
315 5
316 1
317 1
318 5
319 4
320 0
321 0
322 2
323 2
324 4
325 1
326 0
327 3
328 3
329 3
330 4
331 3
332 4
333 2
334 2
335 1
336 1
337 5
338 2
339 1
340 3
341 3
342 1
343 1
344 3
345 3
346 5
347 2
348 4
349 2
350 0
351 1
352 3
353 0
354 1
355 1
356 2
357 0
358 3
359 4
360 5
361 0
362 3
363 5
364 2
365 4
366 4
367 1
368 2
369 1
370 2
371 2
372 4
373 3
374 0
375 1
376 3
377 1
378 2
379 3
380 5
381 3
382 3
383 3
384 4
385 2
386 4
387 2
388 4
389 3
390 2
391 0
392 3
393 4
394 4
395 0
396 3
397 3
398 1
399 2
400 0
401 1
402 1
403 0
404 0
405 1
406 4
407 2
408 5
409 2
410 1
411 5
412 4
413 2
414 4
415 3
416 3
417 5
418 3
419 1
420 3
421 4
422 4
423 1
424 0
425 3
426 2
427 4
428 1
429 4
430 2
431 2
432 3
433 2
434 2
435 2
436 3
437 5
438 0
439 2
440 3
441 3
442 1
443 3
444 3
445 0
446 1
447 1
448 3
449 5
450 0
451 5
452 3
453 0
454 3
455 1
456 3
457 4
458 5
459 0
460 3
461 3
462 5
463 3
464 3
465 2
466 2
467 1
468 4
469 4
470 1
471 2
472 1
473 0
474 3
475 3
476 0
477 2
478 2
479 1
480 4
481 4
482 4
483 3
484 0
485 0
486 1
487 2
488 2
489 1
490 3
491 0
492 3
493 0
494 5
495 2
496 0
497 4
498 1
499 2
500 4
501 2
502 1
503 5
504 3
505 2
506 4
507 2
508 5
509 0
510 5
511 4
512 3
513 2
514 2
515 3
516 2
517 4
518 3
519 3
520 2
521 2
522 1
523 2
524 2
525 0
526 2
527 5
528 5
529 2
530 1
531 4
532 0
533 5
534 3
535 2
536 0
537 3
538 2
539 3
540 0
541 2
542 0
543 3
544 2
545 1
546 0
547 3
548 1
549 2
550 4
551 1
552 4
553 2
554 4
555 0
556 1
557 1
558 4
559 1
560 2
561 0
562 4
563 0
564 5
565 2
566 0
567 0
568 5
569 0
570 3
571 4
572 1
573 2
574 4
575 3
576 2
577 0
578 3
579 2
580 0
581 2
582 2
583 2
584 5
585 2
586 2
587 2
588 5
589 0
590 2
591 4
592 2
593 1
594 3
595 3
596 0
597 2
598 4
599 4
600 0
601 1
602 3
603 1
604 0
605 2
606 0
607 3
608 2
609 3
610 3
611 4
612 2
613 0
614 0
615 0
616 2
617 5
618 4
619 3
620 0
621 4
622 0
623 1
624 5
625 0
626 2
627 3
628 4
629 2
630 2
631 1
632 3
633 3
634 3
635 4
636 1
637 5
638 0
639 4
640 3
641 5
642 0
643 3
644 0
645 5
646 0
647 2
648 0
649 5
650 2
651 3
652 1
653 3
654 0
655 3
656 3
657 5
658 3
659 4
660 4
661 3
662 5
663 2
664 4
665 0
666 0
667 4
668 3
669 3
670 1
671 5
672 0
673 1
674 0
675 4
676 2
677 3
678 3
679 3
680 5
681 4
682 4
683 0
684 2
685 0
686 0
687 3
688 1
689 3
690 1
691 4
692 4
693 5
694 1
695 0
696 4
697 2
698 3
699 0
700 5
701 0
702 2
703 2
704 0
705 4
706 4
707 2
708 4
709 4
710 2
711 3
712 5
713 1
714 1
715 5
716 5
717 0
718 4
719 1
720 3
721 1
722 1
723 1
724 1
725 0
726 0
727 4
728 2
729 4
730 3
731 3
732 2
733 3
734 1
735 1
736 3
737 2
738 5
739 2
740 0
741 2
742 4
743 1
744 1
745 1
746 4
747 1
748 1
749 1
750 0
751 1
752 3
753 2
754 3
755 0
756 5
757 5
758 1
759 2
760 2
761 3
762 4
763 3
764 3
765 4
766 4
767 0
768 3
769 5
770 0
771 5
772 0
773 1
774 0
775 3
776 0
777 0
778 5
779 0
780 0
781 3
782 0
783 2
784 5
785 1
786 1
787 4
788 2
789 0
790 4
791 3
792 0
793 1
794 5
795 0
796 4
797 3
798 4
799 1
800 3
801 2
802 3
803 3
804 4
805 5
806 3
807 0
808 0
809 1
810 4
811 0
812 0
813 5
814 5
815 2
816 1
817 3
818 1
819 0
820 0
821 3
822 3
823 3
824 0
825 2
826 3
827 0
828 4
829 0
830 2
831 1
832 1
833 1
834 2
835 2
836 1
837 4
838 4
839 1
840 1
841 5
842 1
843 3
844 3
845 0
846 2
847 2
848 2
849 4
850 1
851 0
852 0
853 3
854 4
855 2
856 3
857 3
858 1
859 1
860 5
861 3
862 3
863 3
864 5
865 2
866 2
867 0
868 2
869 3
870 0
871 3
872 3
873 2
874 3
875 2
876 3
877 3
878 2
879 2
880 1
881 0
882 2
883 0
884 1
885 2
886 3
887 2
888 2
889 1
890 2
891 3
892 1
893 1
894 4
895 1
896 1
897 0
898 1
899 3
900 4
901 2
902 2
903 5
904 2
905 5
906 2
907 3
908 3
909 1
910 3
911 0
912 1
913 5
914 0
915 0
916 5
917 5
918 5
919 1
920 1
921 1
922 1
923 3
924 4
925 3
926 1
927 0
928 4
929 4
930 3
931 2
932 1
933 0
934 1
935 2
936 3
937 3
938 3
939 4
940 0
941 5
942 0
943 2
944 2
945 3
946 3
947 3
948 3
949 2
950 2
951 1
952 0
953 1
954 4
955 4
956 3
957 4
958 1
959 3
960 3
961 1
962 5
963 1
964 1
965 3
966 1
967 1
968 4
969 4
970 4
971 2
972 1
973 1
974 4
975 3
976 2
977 2
978 0
979 1
980 1
981 3
982 2
983 4
984 0
985 2
986 1
987 3
988 2
989 4
990 0
991 4
992 3
993 2
994 2
995 1
996 0
997 0
998 1
999 1
1000 4
1001 0
1002 3
1003 5
1004 2
1005 1
1006 3
1007 2
1008 0
1009 2
1010 5
1011 4
1012 0
1013 0
1014 3
1015 1
1016 0
1017 4
1018 3
1019 0
1020 3
1021 2
1022 0
1023 2
1024 3
1025 5
1026 2
1027 4
1028 3
1029 0
1030 5
1031 1
1032 1
1033 4
1034 3
1035 0
1036 3
1037 0
1038 2
1039 2
1040 3
1041 0
1042 4
1043 3
1044 0
1045 0
1046 2
1047 3
1048 2
1049 0
1050 4
1051 1
1052 4
1053 5
1054 0
1055 3
1056 3
1057 1
1058 3
1059 2
1060 2
1061 3
1062 0
1063 1
1064 3
1065 0
1066 1
1067 5
1068 3
1069 2
1070 2
1071 4
1072 3
1073 2
1074 3
1075 3
1076 0
1077 0
1078 3
1079 0
1080 1
1081 3
1082 4
1083 4
1084 4
1085 2
1086 3
1087 2
1088 4
1089 3
1090 2
1091 2
1092 4
1093 5
1094 2
1095 2
1096 3
1097 4
1098 5
1099 3
1100 3
1101 3
1102 3
1103 3
1104 0
1105 2
1106 1
1107 0
1108 2
1109 3
1110 4
1111 1
1112 3
1113 0
1114 2
1115 5
1116 3
1117 2
1118 0
1119 2
1120 2
1121 3
1122 1
1123 1
1124 1
1125 2
1126 1
1127 3
1128 2
1129 0
1130 1
1131 3
1132 1
1133 1
1134 2
1135 2
1136 2
1137 5
1138 1
1139 0
1140 2
1141 4
1142 1
1143 0
1144 3
1145 0
1146 2
1147 3
1148 4
1149 0
1150 2
1151 0
1152 2
1153 3
1154 2
1155 0
1156 4
1157 0
1158 0
1159 2
1160 1
1161 2
1162 0
1163 0
1164 2
1165 4
1166 0
1167 2
1168 3
1169 3
1170 2
1171 4
1172 0
1173 0
1174 5
1175 3
1176 2
1177 3
1178 1
1179 3
1180 1
1181 3
1182 3
1183 3
1184 3
1185 3
1186 4
1187 3
1188 3
1189 2
1190 5
1191 1
1192 0
1193 2
1194 2
1195 3
1196 3
1197 1
1198 5
1199 1
1200 3
1201 2
1202 2
1203 1
1204 4
1205 0
1206 1
1207 4
1208 5
1209 0
1210 0
1211 2
1212 0
1213 5
1214 3
1215 2
1216 0
1217 3
1218 4
1219 3
1220 4
1221 0
1222 3
1223 0
1224 3
1225 0
1226 3
1227 4
1228 3
1229 3
1230 3
1231 0
1232 0
1233 5
1234 2
1235 2
1236 3
1237 3
1238 3
1239 4
1240 5
1241 2
1242 2
1243 1
1244 5
1245 1
1246 0
1247 2
1248 4
1249 1
1250 3
1251 4
1252 3
1253 5
1254 3
1255 3
1256 3
1257 2
1258 0
1259 4
1260 0
1261 4
1262 1
1263 1
1264 1
1265 3
1266 4
1267 1
1268 5
1269 2
1270 3
1271 3
1272 0
1273 0
1274 1
1275 0
1276 4
1277 3
1278 3
1279 1
1280 2
1281 3
1282 0
1283 3
1284 1
1285 0
1286 1
1287 4
1288 1
1289 0
1290 1
1291 0
1292 5
1293 0
1294 2
1295 2
1296 2
1297 0
1298 2
1299 1
1300 1
1301 1
1302 4
1303 3
1304 4
1305 0
1306 5
1307 2
1308 2
1309 0
1310 0
1311 3
1312 2
1313 4
1314 5
1315 2
1316 3
1317 0
1318 3
1319 2
1320 0
1321 2
1322 2
1323 0
1324 1
1325 3
1326 2
1327 4
1328 1
1329 0
1330 5
1331 4
1332 4
1333 1
1334 0
1335 5
1336 4
1337 0
1338 3
1339 0
1340 0
1341 3
1342 5
1343 3
1344 0
1345 1
1346 0
1347 5
1348 0
1349 4
1350 1
1351 3
1352 2
1353 2
1354 1
1355 3
1356 3
1357 2
1358 0
1359 1
1360 1
1361 2
1362 4
1363 2
1364 4
1365 0
1366 2
1367 0
1368 2
1369 0
1370 0
1371 5
1372 2
1373 3
1374 2
1375 2
1376 2
1377 2
1378 1
1379 3
1380 0
1381 3
1382 4
1383 4
1384 1
1385 1
1386 3
1387 3
1388 1
1389 1
1390 0
1391 5
1392 2
1393 2
1394 2
1395 3
1396 3
1397 4
1398 2
1399 5
1400 1
1401 4
1402 1
1403 1
1404 1
1405 2
1406 2
1407 3
1408 3
1409 0
1410 3
1411 0
1412 1
1413 4
1414 0
1415 2
1416 5
1417 5
1418 0
1419 1
1420 1
1421 0
1422 3
1423 0
1424 1
1425 0
1426 1
1427 4
1428 0
1429 1
1430 3
1431 2
1432 2
1433 4
1434 4
1435 4
1436 2
1437 3
1438 1
1439 2
1440 2
1441 3
1442 3
1443 3
1444 2
1445 2
1446 1
1447 1
1448 1
1449 3
1450 3
1451 1
1452 2
1453 3
1454 4
1455 2
1456 2
1457 2
1458 5
1459 0
1460 3
1461 1
1462 2
1463 3
1464 4
1465 2
1466 2
1467 1
1468 3
1469 4
1470 2
1471 2
1472 4
1473 1
1474 5
1475 0
1476 0
1477 1
1478 2
1479 1
1480 0
1481 3
1482 3
1483 4
1484 5
1485 2
1486 3
1487 1
1488 4
1489 1
1490 1
1491 4
1492 4
1493 3
1494 0
1495 2
1496 4
1497 4
1498 4
1499 2
1500 4
1501 0
1502 0
1503 2
1504 0
1505 4
1506 5
1507 4
1508 0
1509 1
1510 2
1511 4
1512 2
1513 3
1514 4
1515 0
1516 1
1517 4
1518 1
1519 3
1520 3
1521 3
1522 1
1523 1
1524 2
1525 2
1526 1
1527 2
1528 1
1529 2
1530 4
1531 1
1532 2
1533 2
1534 0
1535 1
1536 3
1537 3
1538 0
1539 0
1540 4
1541 3
1542 3
1543 2
1544 5
1545 2
1546 2
1547 2
1548 0
1549 3
1550 3
1551 0
1552 0
1553 0
1554 1
1555 2
1556 4
1557 4
1558 2
1559 2
1560 5
1561 0
1562 4
1563 0
1564 1
1565 1
1566 3
1567 2
1568 5
1569 1
1570 1
1571 1
1572 2
1573 5
1574 0
1575 3
1576 3
1577 2
1578 4
1579 2
1580 0
1581 3
1582 3
1583 0
1584 4
1585 4
1586 2
1587 4
1588 4
1589 1
1590 1
1591 2
1592 1
1593 5
1594 4
1595 2
1596 5
1597 2
1598 4
1599 3
1600 3
1601 1
1602 3
1603 1
1604 0
1605 0
1606 0
1607 4
1608 2
1609 2
1610 4
1611 4
1612 3
1613 4
1614 0
1615 3
1616 0
1617 0
1618 4
1619 4
1620 0
1621 2
1622 5
1623 2
1624 3
1625 3
1626 2
1627 2
1628 0
1629 5
1630 5
1631 1
1632 5
1633 4
1634 4
1635 3
1636 1
1637 5
1638 3
1639 4
1640 2
1641 2
1642 2
1643 3
1644 1
1645 4
1646 3
1647 1
1648 1
1649 4
1650 3
1651 4
1652 1
1653 4
1654 4
1655 3
1656 1
1657 4
1658 0
1659 4
1660 3
1661 3
1662 0
1663 5
1664 0
1665 0
1666 4
1667 3
1668 3
1669 3
1670 3
1671 4
1672 3
1673 1
1674 3
1675 1
1676 0
1677 2
1678 1
1679 1
1680 0
1681 0
1682 0
1683 2
1684 1
1685 0
1686 3
1687 4
1688 4
1689 0
1690 2
1691 3
1692 4
1693 0
1694 3
1695 0
1696 2
1697 0
1698 1
1699 4
1700 3
1701 3
1702 4
1703 4
1704 5
1705 3
1706 3
1707 1
1708 5
1709 5
1710 0
1711 2
1712 4
1713 4
1714 3
1715 2
1716 0
1717 1
1718 2
1719 4
1720 3
1721 4
1722 0
1723 0
1724 0
1725 0
1726 2
1727 1
1728 1
1729 4
1730 5
1731 4
1732 1
1733 4
1734 4
1735 3
1736 5
1737 1
1738 0
1739 4
1740 4
1741 1
1742 4
1743 4
1744 3
1745 1
1746 2
1747 4
1748 4
1749 0
1750 3
1751 0
1752 4
1753 2
1754 2
1755 2
1756 2
1757 4
1758 1
1759 0
1760 3
1761 4
1762 1
1763 1
1764 1
1765 1
1766 3
1767 2
1768 0
1769 4
1770 4
1771 3
1772 4
1773 2
1774 0
1775 1
1776 4
1777 3
1778 4
1779 3
1780 4
1781 4
1782 2
1783 1
1784 2
1785 0
1786 3
1787 3
1788 1
1789 5
1790 3
1791 2
1792 2
1793 4
1794 2
1795 0
1796 3
1797 3
1798 2
1799 5
1800 5
1801 3
1802 4
1803 3
1804 2
1805 0
1806 5
1807 1
1808 3
1809 4
1810 4
1811 2
1812 0
1813 5
1814 2
1815 2
1816 1
1817 0
1818 3
1819 3
1820 4
1821 3
1822 3
1823 2
1824 2
1825 4
1826 2
1827 2
1828 3
1829 0
1830 1
1831 1
1832 5
1833 3
1834 4
1835 5
1836 1
1837 3
1838 2
1839 0
1840 0
1841 4
1842 1
1843 3
1844 1
1845 0
1846 1
1847 2
1848 1
1849 2
1850 3
1851 4
1852 3
1853 4
1854 4
1855 5
1856 0
1857 2
1858 2
1859 4
1860 4
1861 4
1862 0
1863 1
1864 0
1865 0
1866 2
1867 0
1868 1
1869 4
1870 4
1871 1
1872 4
1873 1
1874 2
1875 0
1876 4
1877 3
1878 0
1879 3
1880 1
1881 5
1882 4
1883 2
1884 3
1885 0
1886 1
1887 5
1888 2
1889 5
1890 1
1891 2
1892 4
1893 3
1894 3
1895 2
1896 1
1897 4
1898 1
1899 0
1900 4
1901 2
1902 0
1903 2
1904 1
1905 4
1906 1
1907 3
1908 1
1909 4
1910 0
1911 1
1912 2
1913 3
1914 1
1915 1
1916 1
1917 4
1918 4
1919 3
1920 3
1921 1
1922 0
1923 0
1924 3
1925 0
1926 3
1927 3
1928 2
1929 3
1930 3
1931 0
1932 4
1933 4
1934 3
1935 0
1936 5
1937 2
1938 4
1939 3
1940 3
1941 3
1942 3
1943 0
1944 3
1945 3
1946 0
1947 2
1948 3
1949 1
1950 3
1951 0
1952 2
1953 3
1954 2
1955 2
1956 1
1957 3
1958 2
1959 2
1960 2
1961 0
1962 0
1963 4
1964 0
1965 0
1966 2
1967 3
1968 3
1969 4
1970 5
1971 1
1972 1
1973 2
1974 1
1975 1
1976 2
1977 2
1978 0
1979 1
1980 1
1981 0
1982 3
1983 4
1984 1
1985 0
1986 1
1987 1
1988 1
1989 1
1990 4
1991 1
1992 4
1993 2
1994 4
1995 2
1996 3
1997 1
1998 0
1999 2
2000 1
2001 4
2002 1
2003 2
2004 3
2005 4
2006 1
2007 2
2008 4
2009 4
2010 1
2011 1
2012 4
2013 1
2014 4
2015 5
2016 0
2017 2
2018 2
2019 1
2020 4
2021 0
2022 3
2023 3
2024 3
2025 0
2026 4
2027 0
2028 4
2029 1
2030 0
2031 4
2032 2
2033 2
2034 2
2035 3
2036 0
2037 3
2038 2
2039 3
2040 4
2041 0
2042 1
2043 0
2044 1
2045 0
2046 1
2047 1
2048 1
2049 4
2050 3
2051 2
2052 5
2053 5
2054 2
2055 2
2056 0
2057 2
2058 0
2059 3
2060 3
2061 1
2062 1
2063 0
2064 4
2065 1
2066 0
2067 1
2068 2
2069 4
2070 1
2071 1
2072 1
2073 4
2074 2
2075 5
2076 4
2077 5
2078 3
2079 1
2080 3
2081 5
2082 4
2083 3
2084 3
2085 3
2086 4
2087 1
2088 2
2089 1
2090 3
2091 2
2092 0
2093 4
2094 0
2095 3
2096 1
2097 2
2098 1
2099 0
2100 1
2101 1
2102 4
2103 1
2104 2
2105 3
2106 2
2107 1
2108 2
2109 2
2110 3
2111 1
2112 3
2113 4
2114 4
2115 0
2116 2
2117 1
2118 4
2119 4
2120 3
2121 3
2122 5
2123 2
2124 1
2125 1
2126 1
2127 4
2128 0
2129 0
2130 3
2131 3
2132 1
2133 2
2134 5
2135 2
2136 5
2137 4
2138 0
2139 3
2140 5
2141 0
2142 5
2143 4
2144 0
2145 4
2146 0
2147 4
2148 1
2149 3
2150 0
2151 2
2152 5
2153 0
2154 2
2155 4
2156 3
2157 1
2158 4
2159 1
2160 0
2161 2
2162 1
2163 2
2164 0
2165 3
2166 4
2167 1
2168 4
2169 4
2170 0
2171 1
2172 3
2173 0
2174 1
2175 1
2176 2
2177 1
2178 2
2179 2
2180 2
2181 2
2182 0
2183 3
2184 3
2185 4
2186 2
2187 3
2188 2
2189 4
2190 5
2191 2
2192 0
2193 3
2194 4
2195 4
2196 1
2197 0
2198 3
2199 2
2200 3
2201 4
2202 0
2203 4
2204 3
2205 3
2206 3
2207 5
2208 3
2209 0
2210 1
2211 4
2212 3
2213 0
2214 0
2215 3
2216 1
2217 1
2218 4
2219 3
2220 3
2221 0
2222 1
2223 0
2224 2
2225 4
2226 0
2227 4
2228 1
2229 0
2230 2
2231 0
2232 3
2233 1
2234 1
2235 3
2236 3
2237 3
2238 1
2239 3
2240 0
2241 3
2242 1
2243 0
2244 2
2245 3
2246 4
2247 0
2248 4
2249 0
2250 2
2251 0
2252 3
2253 5
2254 2
2255 2
2256 2
2257 2
2258 5
2259 1
2260 0
2261 4
2262 3
2263 1
2264 5
2265 0
2266 5
2267 3
2268 4
2269 1
2270 3
2271 3
2272 3
2273 3
2274 2
2275 2
2276 4
2277 3
2278 4
2279 0
2280 3
2281 1
2282 4
2283 2
2284 5
2285 1
2286 4
2287 2
2288 2
2289 3
2290 4
2291 2
2292 3
2293 3
2294 4
2295 3
2296 4
2297 3
2298 1
2299 3
2300 2
2301 4
2302 1
2303 4
2304 2
2305 1
2306 3
2307 3
2308 3
2309 0
2310 0
2311 4
2312 3
2313 0
2314 0
2315 2
2316 1
2317 1
2318 2
2319 4
2320 1
2321 0
2322 4
2323 4
2324 2
2325 3
2326 3
2327 0
2328 1
2329 2
2330 1
2331 5
2332 4
2333 5
2334 3
2335 2
2336 2
2337 0
2338 0
2339 0
2340 1
2341 5
2342 2
2343 0
2344 2
2345 2
2346 0
2347 3
2348 1
2349 2
2350 5
2351 4
2352 1
2353 4
2354 1
2355 0
2356 3
2357 0
2358 0
2359 0
2360 3
2361 5
2362 1
2363 4
2364 0
2365 4
2366 4
2367 2
2368 3
2369 0
2370 3
2371 1
2372 2
2373 4
2374 0
2375 0
2376 4
2377 3
2378 1
2379 2
2380 0
2381 3
2382 3
2383 3
2384 1
2385 3
2386 2
2387 3
2388 5
2389 1
2390 0
2391 2
2392 2
2393 2
2394 1
2395 1
2396 1
2397 0
2398 0
2399 3
2400 0
2401 0
2402 5
2403 4
2404 4
2405 4
2406 5
2407 4
2408 0
2409 0
2410 1
2411 1
2412 1
2413 3
2414 3
2415 5
2416 1
2417 0
2418 1
2419 2
2420 0
2421 3
2422 1
2423 1
2424 2
2425 4
2426 4
2427 2
2428 5
2429 2
2430 1
2431 2
2432 0
2433 2
2434 5
2435 3
2436 3
2437 2
2438 3
2439 2
2440 2
2441 1
2442 3
2443 1
2444 1
2445 1
2446 2
2447 0
2448 3
2449 1
2450 5
2451 1
2452 4
2453 3
2454 2
2455 2
2456 4
2457 0
2458 3
2459 2
2460 3
2461 5
2462 4
2463 1
2464 2
2465 0
2466 1
2467 3
2468 2
2469 1
2470 0
2471 2
2472 4
2473 4
2474 1
2475 2
2476 5
2477 2
2478 3
2479 1
2480 0
2481 3
2482 1
2483 1
2484 2
2485 3
2486 4
2487 3
2488 3
2489 1
2490 2
2491 1
2492 1
2493 4
2494 1
2495 5
2496 5
2497 4
2498 2
2499 3
2500 3
2501 0
2502 1
2503 2
2504 4
2505 3
2506 3
2507 3
2508 3
2509 3
2510 4
2511 4
2512 3
2513 1
2514 0
2515 0
2516 3
2517 4
2518 3
2519 4
2520 2
2521 0
2522 2
2523 1
2524 3
2525 3
2526 4
2527 0
2528 1
2529 4
2530 0
2531 0
2532 2
2533 1
2534 1
2535 2
2536 0
2537 0
2538 1
2539 3
2540 2
2541 1
2542 0
2543 4
2544 0
2545 2
2546 0
2547 5
2548 1
2549 4
2550 3
2551 3
2552 5
2553 0
2554 5
2555 1
2556 2
2557 5
2558 2
2559 2
2560 2
2561 0
2562 4
2563 1
2564 1
2565 2
2566 5
2567 4
2568 0
2569 2
2570 4
2571 1
2572 1
2573 1
2574 4
2575 3
2576 0
2577 5
2578 3
2579 1
2580 2
2581 1
2582 3
2583 3
2584 5
2585 3
2586 2
2587 5
2588 3
2589 2
2590 4
2591 0
2592 3
2593 0
2594 3
2595 2
2596 3
2597 2
2598 0
2599 2
2600 3
2601 2
2602 0
2603 1
2604 2
2605 5
2606 3
2607 1
2608 2
2609 2
2610 2
2611 0
2612 1
2613 4
2614 1
2615 2
2616 2
2617 4
2618 3
2619 0
2620 1
2621 3
2622 2
2623 3
2624 2
2625 1
2626 0
2627 2
2628 0
2629 0
2630 3
2631 2
2632 3
2633 3
2634 1
2635 0
2636 1
2637 3
2638 4
2639 0
2640 4
2641 1
2642 4
2643 0
2644 2
2645 1
2646 0
2647 2
2648 3
2649 4
2650 2
2651 5
2652 4
2653 4
2654 3
2655 1
2656 4
2657 4
2658 2
2659 0
2660 2
2661 2
2662 2
2663 2
2664 5
2665 2
2666 2
2667 0
2668 5
2669 0
2670 2
2671 0
2672 4
2673 4
2674 5
2675 2
2676 1
2677 3
2678 3
2679 4
2680 1
2681 4
2682 2
2683 2
2684 4
2685 2
2686 3
2687 3
2688 4
2689 2
2690 2
2691 3
2692 0
2693 0
2694 1
2695 5
2696 0
2697 4
2698 3
2699 2
2700 2
2701 2
2702 0
2703 0
2704 0
2705 2
2706 0
2707 0
2708 2
2709 0
2710 0
2711 0
2712 2
2713 2
2714 3
2715 0
2716 2
2717 4
2718 3
2719 3
2720 2
2721 3
2722 1
2723 3
2724 3
2725 3
2726 0
2727 5
2728 1
2729 1
2730 2
2731 4
2732 5
2733 1
2734 1
2735 4
2736 0
2737 0
2738 2
2739 2
2740 4
2741 4
2742 3
2743 1
2744 5
2745 2
2746 3
2747 0
2748 3
2749 2
2750 1
2751 1
2752 1
2753 0
2754 4
2755 5
2756 4
2757 1
2758 4
2759 1
2760 3
2761 2
2762 1
2763 4
2764 4
2765 2
2766 1
2767 5
2768 1
2769 3
2770 3
2771 2
2772 2
2773 0
2774 2
2775 2
2776 0
2777 2
2778 1
2779 2
2780 2
2781 2
2782 5
2783 4
2784 3
2785 3
2786 3
2787 3
2788 4
2789 3
2790 2
2791 4
2792 1
2793 3
2794 2
2795 3
2796 2
2797 3
2798 3
2799 4
2800 2
2801 4
2802 3
2803 0
2804 2
2805 5
2806 3
2807 2
2808 2
2809 4
2810 2
2811 3
2812 3
2813 0
2814 3
2815 0
2816 2
2817 2
2818 3
2819 0
2820 4
2821 3
2822 2
2823 1
2824 1
2825 0
2826 2
2827 2
2828 0
2829 3
2830 2
2831 0
2832 3
2833 1
2834 1
2835 1
2836 2
2837 3
2838 2
2839 2
2840 1
2841 0
2842 3
2843 0
2844 0
2845 2
2846 0
2847 2
2848 3
2849 2
2850 1
2851 4
2852 1
2853 0
2854 1
2855 4
2856 4
2857 3
2858 1
2859 0
2860 1
2861 0
2862 2
2863 0
2864 2
2865 3
2866 2
2867 2
2868 5
2869 3
2870 0
2871 1
2872 2
2873 3
2874 0
2875 0
2876 3
2877 0
2878 1
2879 0
2880 3
2881 1
2882 1
2883 5
2884 3
2885 3
2886 5
2887 1
2888 5
2889 1
2890 1
2891 2
2892 0
2893 4
2894 0
2895 4
2896 4
2897 2
2898 1
2899 4
2900 3
2901 3
2902 0
2903 2
2904 3
2905 5
2906 4
2907 2
2908 0
2909 2
2910 3
2911 5
2912 2
2913 4
2914 1
2915 2
2916 4
2917 3
2918 1
2919 3
2920 2
2921 0
2922 0
2923 2
2924 4
2925 1
2926 0
2927 1
2928 2
2929 2
2930 3
2931 1
2932 5
2933 5
2934 3
2935 3
2936 5
2937 4
2938 4
2939 3
2940 5
2941 3
2942 4
2943 3
2944 0
2945 0
2946 4
2947 2
2948 0
2949 1
2950 0
2951 1
2952 5
2953 3
2954 2
2955 4
2956 3
2957 2
2958 3
2959 4
2960 2
2961 1
2962 2
2963 5
2964 0
2965 1
2966 3
2967 1
2968 2
2969 0
2970 4
2971 2
2972 0
2973 3
2974 1
2975 4
2976 5
2977 3
2978 3
2979 2
2980 1
2981 3
2982 0
2983 2
2984 2
2985 0
2986 1
2987 4
2988 4
2989 2
2990 2
2991 0
2992 0
2993 3
2994 0
2995 2
2996 4
2997 1
2998 0
2999 5
3000 0
3001 0
3002 5
3003 2
3004 2
3005 3
3006 3
3007 3
3008 0
3009 0
3010 0
3011 0
3012 1
3013 1
3014 0
3015 1
3016 2
3017 5
3018 0
3019 1
3020 0
3021 5
3022 0
3023 1
3024 3
3025 2
3026 1
3027 2
3028 2
3029 2
3030 0
3031 2
3032 0
3033 2
3034 3
3035 2
3036 5
3037 2
3038 0
3039 4
3040 3
3041 1
3042 4
3043 3
3044 2
3045 4
3046 1
3047 2
3048 2
3049 4
3050 3
3051 2
3052 4
3053 1
3054 1
3055 3
3056 5
3057 0
3058 3
3059 3
3060 3
3061 2
3062 3
3063 1
3064 3
3065 2
3066 0
3067 5
3068 1
3069 3
3070 1
3071 0
3072 2
3073 3
3074 5
3075 3
3076 0
3077 2
3078 2
3079 3
3080 4
3081 3
3082 3
3083 2
3084 5
3085 5
3086 1
3087 4
3088 4
3089 0
3090 2
3091 0
3092 3
3093 1
3094 0
3095 4
3096 4
3097 3
3098 2
3099 2
3100 3
3101 2
3102 2
3103 4
3104 0
3105 3
3106 2
3107 2
3108 0
3109 0
3110 1
3111 1
3112 5
3113 3
3114 0
3115 2
3116 1
3117 2
3118 3
3119 2
3120 0
3121 4
3122 5
3123 3
3124 3
3125 5
3126 3
3127 5
3128 0
3129 0
3130 5
3131 2
3132 0
3133 0
3134 1
3135 3
3136 0
3137 4
3138 3
3139 2
3140 2
3141 2
3142 3
3143 0
3144 1
3145 5
3146 0
3147 1
3148 4
3149 2
3150 5
3151 3
3152 1
3153 3
3154 5
3155 4
3156 0
3157 2
3158 4
3159 4
3160 1
3161 5
3162 4
3163 3
3164 3
3165 5
3166 5
3167 0
3168 0
3169 0
3170 2
3171 1
3172 2
3173 0
3174 0
3175 1
3176 1
3177 0
3178 1
3179 0
3180 4
3181 3
3182 2
3183 3
3184 3
3185 4
